0.000000 0.000028 0.000102 0.000021 0.000019 0.000102 0.000006 0.000034 0.000052 0.000025 0.000182 0.000026 0.000056 0.000037 0.000066 
0.000028 0.000000 0.000074 0.000002 0.000018 0.000127 0.000005 0.000023 0.000071 0.000008 0.000184 0.000020 0.000034 0.000028 0.000103 
0.000102 0.000074 0.000000 0.000018 0.000033 0.000150 0.000036 0.000028 0.000126 0.000030 0.000231 0.000032 0.000023 0.000012 0.000177 
0.000021 0.000002 0.000018 0.000000 0.000037 0.000140 0.000036 0.000027 0.000078 0.000016 0.000245 0.000016 0.000026 0.000062 0.000095 
0.000019 0.000018 0.000033 0.000037 0.000000 0.000117 0.000016 0.000001 0.000060 0.000015 0.000166 0.000025 0.000028 0.000007 0.000085 
0.000102 0.000127 0.000150 0.000140 0.000117 0.000000 0.000122 0.000137 0.000060 0.000135 0.000112 0.000131 0.000149 0.000104 0.000069 
0.000006 0.000005 0.000036 0.000036 0.000016 0.000122 0.000000 0.000007 0.000084 0.000019 0.000222 0.000002 0.000029 0.000003 0.000116 
0.000034 0.000023 0.000028 0.000027 0.000001 0.000137 0.000007 0.000000 0.000100 0.000019 0.000227 0.000009 0.000027 0.000021 0.000113 
0.000052 0.000071 0.000126 0.000078 0.000060 0.000060 0.000084 0.000100 0.000000 0.000060 0.000120 0.000064 0.000100 0.000094 0.000018 
0.000025 0.000008 0.000030 0.000016 0.000015 0.000135 0.000019 0.000019 0.000060 0.000000 0.000228 0.000006 0.000003 0.000035 0.000082 
0.000182 0.000184 0.000231 0.000245 0.000166 0.000112 0.000222 0.000227 0.000120 0.000228 0.000000 0.000163 0.000202 0.000084 0.000080 
0.000026 0.000020 0.000032 0.000016 0.000025 0.000131 0.000002 0.000009 0.000064 0.000006 0.000163 0.000000 0.000025 0.000055 0.000111 
0.000056 0.000034 0.000023 0.000026 0.000028 0.000149 0.000029 0.000027 0.000100 0.000003 0.000202 0.000025 0.000000 0.000009 0.000107 
0.000037 0.000028 0.000012 0.000062 0.000007 0.000104 0.000003 0.000021 0.000094 0.000035 0.000084 0.000055 0.000009 0.000000 0.000120 
0.000066 0.000103 0.000177 0.000095 0.000085 0.000069 0.000116 0.000113 0.000018 0.000082 0.000080 0.000111 0.000107 0.000120 0.000000 
